#example data for exponential decay 
#              x               y
          0.0100          4.8317
          0.0200          5.0916
          0.0300          4.8662
          0.0400          4.8436
          0.0500          5.0330
          0.0600          4.7299
          0.0700          4.7283
          0.0800          4.6965
          0.0900          4.5076
          0.1000          4.6775
          0.1100          4.4886
          0.1200          4.6476
          0.1300          4.5441
          0.1400          4.6139
          0.1500          4.4473
          0.1600          4.5410
          0.1700          4.5638
          0.1800          4.4788
          0.1900          4.6568
          0.2000          4.3015
          0.2100          4.3956
          0.2200          4.3373
          0.2300          4.3244
          0.2400          4.2773
          0.2500          4.3508
          0.2600          4.2370
          0.2700          4.5004
          0.2800          4.2606
          0.2900          4.2238
          0.3000          4.0941
          0.3100          4.0867
          0.3200          4.0440
          0.3300          4.0280
          0.3400          3.8657
          0.3500          4.1617
          0.3600          3.9659
          0.3700          3.9895
          0.3800          3.7611
          0.3900          3.9595
          0.4000          3.8481
          0.4100          3.7666
          0.4200          3.9540
          0.4300          3.6987
          0.4400          3.8153
          0.4500          3.9170
          0.4600          3.9572
          0.4700          3.6810
          0.4800          3.8662
          0.4900          3.6503
          0.5000          3.8172
          0.5100          3.5598
          0.5200          3.7028
          0.5300          3.7573
          0.5400          3.6387
          0.5500          3.4872
          0.5600          3.5939
          0.5700          3.7433
          0.5800          3.5114
          0.5900          3.4116
          0.6000          3.6035
          0.6100          3.4697
          0.6200          3.4852
          0.6300          3.5157
          0.6400          3.3407
          0.6500          3.5423
          0.6600          3.4246
          0.6700          3.3953
          0.6800          3.3133
          0.6900          3.1162
          0.7000          3.3149
          0.7100          3.2842
          0.7200          3.4376
          0.7300          3.3715
          0.7400          3.0148
          0.7500          3.1769
          0.7600          2.9604
          0.7700          3.1444
          0.7800          3.1595
          0.7900          3.1118
          0.8000          3.2013
          0.8100          2.8608
          0.8200          3.0888
          0.8300          3.1808
          0.8400          3.3072
          0.8500          3.0992
          0.8600          3.0345
          0.8700          2.8841
          0.8800          2.8893
          0.8900          2.9846
          0.9000          2.8441
          0.9100          3.0841
          0.9200          3.0117
          0.9300          2.8238
          0.9400          2.8932
          0.9500          2.9948
          0.9600          2.6230
          0.9700          2.9026
          0.9800          2.8357
          0.9900          2.5989
          1.0000          2.5667
          1.0100          2.6237
          1.0200          2.7036
          1.0300          2.7771
          1.0400          2.7112
          1.0500          2.5798
          1.0600          2.6753
          1.0700          2.4593
          1.0800          2.6437
          1.0900          2.6843
          1.1000          2.4839
          1.1100          2.4881
          1.1200          2.5672
          1.1300          2.7509
          1.1400          2.5731
          1.1500          2.5507
          1.1600          2.4409
          1.1700          2.3647
          1.1800          2.4014
          1.1900          2.5295
          1.2000          2.2212
          1.2100          2.5145
          1.2200          2.4880
          1.2300          2.3479
          1.2400          2.3904
          1.2500          2.3872
          1.2600          2.3919
          1.2700          2.2876
          1.2800          2.3884
          1.2900          2.3848
          1.3000          2.3682
          1.3100          2.1404
          1.3200          2.2540
          1.3300          2.2425
          1.3400          2.3785
          1.3500          2.1867
          1.3600          2.0783
          1.3700          2.1114
          1.3800          2.1643
          1.3900          2.1699
          1.4000          2.3093
          1.4100          2.2154
          1.4200          2.0346
          1.4300          1.9184
          1.4400          2.0366
          1.4500          2.1350
          1.4600          1.9886
          1.4700          2.0055
          1.4800          2.1185
          1.4900          1.8259
          1.5000          1.9177
          1.5100          1.9759
          1.5200          2.0059
          1.5300          2.0033
          1.5400          1.8493
          1.5500          2.0593
          1.5600          2.1746
          1.5700          1.7631
          1.5800          1.8849
          1.5900          1.6949
          1.6000          1.8376
          1.6100          1.8703
          1.6200          1.9452
          1.6300          1.9600
          1.6400          1.9343
          1.6500          1.8942
          1.6600          1.7912
          1.6700          1.8942
          1.6800          1.7997
          1.6900          1.7734
          1.7000          1.9918
          1.7100          1.9005
          1.7200          1.7683
          1.7300          1.6921
          1.7400          1.7493
          1.7500          1.6540
          1.7600          1.7175
          1.7700          1.8913
          1.7800          1.8278
          1.7900          1.6278
          1.8000          1.7980
          1.8100          1.8645
          1.8200          1.6272
          1.8300          1.6318
          1.8400          1.6485
          1.8500          1.6083
          1.8600          1.6717
          1.8700          1.7239
          1.8800          1.6361
          1.8900          1.5039
          1.9000          1.6613
          1.9100          1.4276
          1.9200          1.5909
          1.9300          1.6450
          1.9400          1.6781
          1.9500          1.4631
          1.9600          1.5614
          1.9700          1.5057
          1.9800          1.5379
          1.9900          1.5684
          2.0000          1.5787
          2.0100          1.3546
          2.0200          1.6272
          2.0300          1.4163
          2.0400          1.5113
          2.0500          1.4104
          2.0600          1.5757
          2.0700          1.1471
          2.0800          1.3611
          2.0900          1.4282
          2.1000          1.3418
          2.1100          1.3951
          2.1200          1.5554
          2.1300          1.4097
          2.1400          1.4379
          2.1500          1.3676
          2.1600          1.3806
          2.1700          1.4777
          2.1800          1.1100
          2.1900          1.4440
          2.2000          1.1889
          2.2100          1.3303
          2.2200          1.2576
          2.2300          1.2313
          2.2400          1.2554
          2.2500          1.2587
          2.2600          1.2926
          2.2700          1.2630
          2.2800          1.2633
          2.2900          1.3524
          2.3000          1.1537
          2.3100          1.1511
          2.3200          1.2989
          2.3300          1.0840
          2.3400          1.2176
          2.3500          1.0198
          2.3600          1.2279
          2.3700          1.1771
          2.3800          1.3966
          2.3900          1.2144
          2.4000          1.1371
          2.4100          1.1046
          2.4200          1.1993
          2.4300          1.2580
          2.4400          1.3446
          2.4500          1.0666
          2.4600          1.1622
          2.4700          1.1709
          2.4800          1.2135
          2.4900          1.0383
          2.5000          1.1973
          2.5100          1.0540
          2.5200          1.1522
          2.5300          1.1398
          2.5400          1.2149
          2.5500          0.9573
          2.5600          1.1863
          2.5700          0.9329
          2.5800          1.0026
          2.5900          1.0350
          2.6000          0.8693
          2.6100          1.0701
          2.6200          0.9976
          2.6300          0.9759
          2.6400          0.8897
          2.6500          1.1514
          2.6600          1.2013
          2.6700          1.2027
          2.6800          0.9915
          2.6900          1.0259
          2.7000          0.9358
          2.7100          0.9639
          2.7200          1.0353
          2.7300          0.9390
          2.7400          0.7162
          2.7500          0.8552
          2.7600          0.9850
          2.7700          0.9484
          2.7800          1.2683
          2.7900          0.8957
          2.8000          0.9347
          2.8100          0.7313
          2.8200          0.8872
          2.8300          0.7886
          2.8400          0.9552
          2.8500          1.0174
          2.8600          1.0258
          2.8700          1.1274
          2.8800          1.0092
          2.8900          0.7631
          2.9000          0.8172
          2.9100          0.9911
          2.9200          1.0010
          2.9300          0.8264
          2.9400          0.9400
          2.9500          0.9218
          2.9600          0.7835
          2.9700          0.8064
          2.9800          0.8432
          2.9900          0.7231
          3.0000          0.7917
          3.0100          0.7403
          3.0200          0.7958
          3.0300          0.9063
          3.0400          0.8498
          3.0500          0.8788
          3.0600          0.7720
          3.0700          0.8333
          3.0800          0.7776
          3.0900          0.7452
          3.1000          0.6477
          3.1100          0.5550
          3.1200          0.6751
          3.1300          1.0558
          3.1400          0.8364
          3.1500          0.7724
          3.1600          0.7320
          3.1700          0.7803
          3.1800          0.5822
          3.1900          0.5191
          3.2000          0.6456
          3.2100          0.9559
          3.2200          0.8157
          3.2300          0.9511
          3.2400          0.7681
          3.2500          0.6245
          3.2600          0.7637
          3.2700          0.5970
          3.2800          0.6365
          3.2900          0.4867
          3.3000          0.6748
          3.3100          0.6931
          3.3200          0.8292
          3.3300          0.6499
          3.3400          0.5159
          3.3500          0.6195
          3.3600          0.7434
          3.3700          0.7102
          3.3800          0.6206
          3.3900          0.6129
          3.4000          0.4916
          3.4100          0.6107
          3.4200          0.6945
          3.4300          0.6564
          3.4400          0.6714
          3.4500          0.5004
          3.4600          0.6758
          3.4700          0.6131
          3.4800          0.5359
          3.4900          0.6704
          3.5000          0.5719
          3.5100          0.5193
          3.5200          0.5590
          3.5300          0.3509
          3.5400          0.5990
          3.5500          0.5543
          3.5600          0.4128
          3.5700          0.4477
          3.5800          0.5628
          3.5900          0.5243
          3.6000          0.4093
          3.6100          0.4701
          3.6200          0.5896
          3.6300          0.6274
          3.6400          0.5339
          3.6500          0.6927
          3.6600          0.4235
          3.6700          0.7199
          3.6800          0.4253
          3.6900          0.6571
          3.7000          0.6766
          3.7100          0.5060
          3.7200          0.7295
          3.7300          0.4589
          3.7400          0.4581
          3.7500          0.5023
          3.7600          0.5405
          3.7700          0.6369
          3.7800          0.6586
          3.7900          0.3320
          3.8000          0.4814
          3.8100          0.5158
          3.8200          0.7606
          3.8300          0.8390
          3.8400          0.4919
          3.8500          0.3357
          3.8600          0.3903
          3.8700          0.3256
          3.8800          0.4259
          3.8900          0.6150
          3.9000          0.5849
          3.9100          0.4525
          3.9200          0.6090
          3.9300          0.5898
          3.9400          0.3114
          3.9500          0.4910
          3.9600          0.5677
          3.9700          0.2972
          3.9800          0.4857
          3.9900          0.5340
          4.0000          0.6805
          4.0100          0.3496
          4.0200          0.4188
          4.0300          0.3867
          4.0400          0.3671
          4.0500          0.5305
          4.0600          0.5913
          4.0700          0.4693
          4.0800          0.3595
          4.0900          0.4599
          4.1000          0.3929
          4.1100          0.4972
          4.1200          0.2005
          4.1300          0.3664
          4.1400          0.4898
          4.1500          0.4723
          4.1600          0.2757
          4.1700          0.5453
          4.1800          0.5047
          4.1900          0.5262
          4.2000          0.4229
          4.2100          0.4611
          4.2200          0.3906
          4.2300          0.4412
          4.2400          0.2607
          4.2500          0.5007
          4.2600          0.3709
          4.2700          0.3440
          4.2800          0.2501
          4.2900          0.3298
          4.3000          0.4337
          4.3100          0.3441
          4.3200          0.2370
          4.3300          0.2630
          4.3400          0.4074
          4.3500          0.3484
          4.3600          0.2346
          4.3700          0.2716
          4.3800          0.4406
          4.3900          0.4007
          4.4000          0.3154
          4.4100          0.5851
          4.4200          0.3294
          4.4300          0.3708
          4.4400          0.2565
          4.4500          0.3528
          4.4600          0.3899
          4.4700          0.3336
          4.4800          0.3616
          4.4900          0.3727
          4.5000          0.2829
          4.5100          0.4979
          4.5200          0.3169
          4.5300          0.5436
          4.5400          0.4380
          4.5500          0.2430
          4.5600          0.2829
          4.5700          0.3549
          4.5800          0.1258
          4.5900          0.3154
          4.6000          0.2689
          4.6100          0.2816
          4.6200          0.5046
          4.6300          0.3905
          4.6400          0.4352
          4.6500          0.1574
          4.6600          0.1321
          4.6700          0.2999
          4.6800          0.1513
          4.6900          0.2278
          4.7000          0.3493
          4.7100          0.3098
          4.7200          0.2420
          4.7300          0.2593
          4.7400          0.4474
          4.7500          0.3055
          4.7600          0.3574
          4.7700          0.2534
          4.7800          0.3522
          4.7900          0.3515
          4.8000          0.2458
          4.8100          0.3035
          4.8200          0.2522
          4.8300          0.3484
          4.8400          0.3176
          4.8500          0.1850
          4.8600          0.2368
          4.8700          0.3380
          4.8800          0.2101
          4.8900          0.4698
          4.9000          0.2572
          4.9100          0.2695
          4.9200          0.2126
          4.9300          0.1871
          4.9400          0.0945
          4.9500          0.2193
          4.9600          0.2870
          4.9700          0.2828
          4.9800          0.1906
          4.9900          0.1505
          5.0000          0.1189
          5.0100          0.1753
          5.0200          0.2355
          5.0300          0.1122
          5.0400          0.2720
          5.0500          0.3716
          5.0600          0.4519
          5.0700          0.2393
          5.0800          0.1216
          5.0900          0.1660
          5.1000          0.2729
          5.1100          0.1744
          5.1200          0.3082
          5.1300          0.4544
          5.1400          0.1608
          5.1500          0.1134
          5.1600          0.2638
          5.1700          0.1308
          5.1800          0.1041
          5.1900          0.1464
          5.2000          0.3301
          5.2100          0.1993
          5.2200          0.2141
          5.2300          0.2840
          5.2400          0.2621
          5.2500          0.2868
          5.2600          0.2426
          5.2700          0.1489
          5.2800          0.1751
          5.2900          0.1871
          5.3000          0.1182
          5.3100          0.3446
          5.3200          0.2870
          5.3300          0.0929
          5.3400          0.0933
          5.3500          0.1971
          5.3600          0.1299
          5.3700          0.2040
          5.3800          0.2018
          5.3900          0.1765
          5.4000          0.1651
          5.4100          0.2278
          5.4200          0.0403
          5.4300          0.1730
          5.4400          0.2142
          5.4500          0.1854
          5.4600          0.0752
          5.4700          0.1546
          5.4800          0.3315
          5.4900          0.1373
          5.5000          0.2835
          5.5100          0.1985
          5.5200          0.1795
          5.5300          0.1829
          5.5400          0.0838
          5.5500          0.2192
          5.5600          0.2063
          5.5700          0.1842
          5.5800          0.1621
          5.5900          0.0538
          5.6000          0.1282
          5.6100          0.1609
          5.6200          0.2496
          5.6300          0.0813
          5.6400          0.3124
          5.6500          0.2117
          5.6600          0.3129
          5.6700          0.2988
          5.6800          0.0921
          5.6900          0.3971
          5.7000          0.0666
          5.7100          0.0093
          5.7200          0.1190
          5.7300          0.1826
          5.7400          0.1379
          5.7500          0.0257
          5.7600          0.3598
          5.7700          0.2145
          5.7800          0.0425
          5.7900         -0.0489
          5.8000          0.1737
          5.8100          0.1763
          5.8200         -0.0227
          5.8300          0.1032
          5.8400          0.2790
          5.8500          0.0238
          5.8600          0.1154
          5.8700          0.1814
          5.8800          0.0065
          5.8900          0.1921
          5.9000          0.2373
          5.9100         -0.0145
          5.9200          0.0395
          5.9300          0.2625
          5.9400          0.0959
          5.9500          0.1793
          5.9600          0.3673
          5.9700          0.1989
          5.9800          0.0908
          5.9900          0.0907
          6.0000          0.1089
          6.0100          0.0753
          6.0200          0.1228
          6.0300          0.0745
          6.0400          0.2191
          6.0500          0.1155
          6.0600          0.0149
          6.0700          0.1481
          6.0800          0.0265
          6.0900          0.0458
          6.1000          0.0722
          6.1100         -0.0519
          6.1200          0.1414
          6.1300          0.1386
          6.1400          0.1851
          6.1500          0.2413
          6.1600          0.1615
          6.1700          0.2323
          6.1800          0.1015
          6.1900          0.2408
          6.2000          0.1771
          6.2100          0.2002
          6.2200          0.1602
          6.2300          0.0469
          6.2400          0.0055
          6.2500          0.2810
          6.2600          0.1609
          6.2700          0.0250
          6.2800          0.1946
          6.2900          0.1372
          6.3000         -0.0265
          6.3100         -0.0490
          6.3200          0.1194
          6.3300          0.2939
          6.3400          0.1304
          6.3500          0.1292
          6.3600          0.0231
          6.3700          0.0323
          6.3800         -0.0461
          6.3900          0.1611
          6.4000          0.2164
          6.4100          0.0448
          6.4200          0.1032
          6.4300          0.0755
          6.4400          0.1788
          6.4500          0.1701
          6.4600          0.1719
          6.4700          0.1870
          6.4800          0.0486
          6.4900          0.0132
          6.5000          0.1771
          6.5100          0.0564
          6.5200          0.1785
          6.5300          0.2687
          6.5400          0.0097
          6.5500          0.0538
          6.5600          0.0177
          6.5700          0.1472
          6.5800          0.0749
          6.5900          0.1190
          6.6000         -0.0614
          6.6100         -0.0858
          6.6200          0.1710
          6.6300          0.1595
          6.6400          0.3163
          6.6500          0.0474
          6.6600          0.1557
          6.6700          0.0297
          6.6800          0.0671
          6.6900          0.1390
          6.7000          0.0029
          6.7100          0.0916
          6.7200          0.2023
          6.7300          0.1109
          6.7400          0.1426
          6.7500          0.1998
          6.7600          0.1213
          6.7700          0.0243
          6.7800          0.0631
          6.7900          0.1346
          6.8000          0.2662
          6.8100          0.1099
          6.8200          0.1144
          6.8300          0.0827
          6.8400          0.1821
          6.8500         -0.1737
          6.8600         -0.0871
          6.8700          0.0352
          6.8800          0.0973
          6.8900          0.0602
          6.9000         -0.0872
          6.9100          0.0102
          6.9200          0.0518
          6.9300          0.2078
          6.9400          0.1596
          6.9500         -0.1674
          6.9600          0.1379
          6.9700          0.0813
          6.9800          0.1153
          6.9900          0.1236
          7.0000          0.0508
          7.0100          0.1314
          7.0200         -0.0139
          7.0300          0.0870
          7.0400          0.0344
          7.0500          0.0833
          7.0600         -0.0152
          7.0700          0.1077
          7.0800          0.1366
          7.0900          0.2335
          7.1000          0.0096
          7.1100          0.0636
          7.1200          0.1546
          7.1300         -0.1412
          7.1400          0.0600
          7.1500          0.1644
          7.1600          0.0924
          7.1700          0.0344
          7.1800          0.0666
          7.1900          0.0697
          7.2000          0.0608
          7.2100         -0.0650
          7.2200         -0.0441
          7.2300          0.0123
          7.2400          0.2396
          7.2500          0.0911
          7.2600          0.1576
          7.2700          0.1124
          7.2800          0.1431
          7.2900          0.0114
          7.3000          0.0719
          7.3100          0.0231
          7.3200          0.1216
          7.3300         -0.0381
          7.3400         -0.0659
          7.3500         -0.0628
          7.3600          0.2784
          7.3700          0.1333
          7.3800          0.1436
          7.3900          0.0717
          7.4000          0.0946
          7.4100          0.0883
          7.4200         -0.0623
          7.4300         -0.1141
          7.4400         -0.0584
          7.4500          0.0971
          7.4600          0.1982
          7.4700          0.0086
          7.4800          0.1459
          7.4900          0.0482
          7.5000         -0.0147
          7.5100          0.0170
          7.5200          0.0937
          7.5300          0.1872
          7.5400         -0.0063
          7.5500          0.0239
          7.5600         -0.0470
          7.5700          0.0047
          7.5800         -0.0914
          7.5900          0.1932
          7.6000          0.0709
          7.6100          0.0075
          7.6200         -0.1968
          7.6300          0.0861
          7.6400          0.1038
          7.6500          0.1602
          7.6600          0.0688
          7.6700          0.1060
          7.6800          0.0773
          7.6900         -0.1063
          7.7000          0.0152
          7.7100          0.1618
          7.7200          0.0908
          7.7300         -0.0810
          7.7400         -0.1798
          7.7500         -0.0793
          7.7600          0.0230
          7.7700         -0.0436
          7.7800          0.1158
          7.7900          0.0950
          7.8000         -0.0619
          7.8100          0.0897
          7.8200          0.0251
          7.8300          0.2335
          7.8400          0.0409
          7.8500         -0.0132
          7.8600          0.0594
          7.8700          0.0029
          7.8800          0.0244
          7.8900         -0.0822
          7.9000         -0.1290
          7.9100          0.1332
          7.9200          0.0206
          7.9300          0.1507
          7.9400          0.1141
          7.9500          0.1552
          7.9600          0.1062
          7.9700          0.0125
          7.9800          0.0427
          7.9900          0.1125
          8.0000          0.0542
          8.0100          0.1385
          8.0200          0.0716
          8.0300         -0.0716
          8.0400         -0.2387
          8.0500          0.1411
          8.0600          0.0269
          8.0700         -0.0359
          8.0800          0.0058
          8.0900          0.0877
          8.1000          0.0779
          8.1100          0.0587
          8.1200         -0.0051
          8.1300          0.0830
          8.1400         -0.1293
          8.1500          0.1202
          8.1600          0.0070
          8.1700         -0.1425
          8.1800          0.0379
          8.1900         -0.0279
          8.2000          0.0306
          8.2100         -0.1927
          8.2200          0.0719
          8.2300          0.0773
          8.2400          0.0120
          8.2500         -0.1050
          8.2600          0.0056
          8.2700          0.0040
          8.2800          0.1018
          8.2900          0.0467
          8.3000          0.1160
          8.3100          0.0608
          8.3200         -0.0705
          8.3300         -0.0553
          8.3400          0.0327
          8.3500          0.0489
          8.3600         -0.1475
          8.3700          0.0932
          8.3800          0.0037
          8.3900         -0.0455
          8.4000          0.0799
          8.4100          0.0305
          8.4200          0.1541
          8.4300          0.2159
          8.4400         -0.0849
          8.4500         -0.0340
          8.4600          0.0392
          8.4700          0.1435
          8.4800          0.0463
          8.4900          0.0041
          8.5000         -0.0021
          8.5100         -0.0713
          8.5200         -0.0439
          8.5300          0.2666
          8.5400         -0.1120
          8.5500         -0.1233
          8.5600          0.0512
          8.5700         -0.0913
          8.5800          0.0576
          8.5900          0.0887
          8.6000          0.2656
          8.6100          0.0070
          8.6200         -0.1239
          8.6300         -0.0635
          8.6400          0.0748
          8.6500          0.1157
          8.6600          0.1919
          8.6700          0.0684
          8.6800          0.0463
          8.6900          0.0453
          8.7000         -0.0751
          8.7100          0.0418
          8.7200          0.1302
          8.7300          0.0258
          8.7400         -0.1427
          8.7500          0.1208
          8.7600          0.2192
          8.7700         -0.1037
          8.7800          0.0984
          8.7900         -0.0409
          8.8000         -0.0133
          8.8100          0.0401
          8.8200         -0.0410
          8.8300          0.0905
          8.8400          0.0138
          8.8500          0.0175
          8.8600          0.0895
          8.8700          0.0271
          8.8800          0.0828
          8.8900         -0.0279
          8.9000         -0.0540
          8.9100         -0.0206
          8.9200         -0.1055
          8.9300         -0.1039
          8.9400          0.1176
          8.9500          0.0217
          8.9600         -0.0865
          8.9700          0.0330
          8.9800         -0.0600
          8.9900          0.2368
          9.0000         -0.0221
          9.0100          0.0325
          9.0200          0.1702
          9.0300         -0.0901
          9.0400         -0.0562
          9.0500          0.1421
          9.0600         -0.0645
          9.0700          0.1292
          9.0800          0.0335
          9.0900          0.0843
          9.1000          0.1087
          9.1100         -0.0460
          9.1200          0.0406
          9.1300          0.0089
          9.1400          0.0447
          9.1500         -0.0380
          9.1600          0.0527
          9.1700          0.0613
          9.1800          0.0247
          9.1900         -0.0460
          9.2000          0.0432
          9.2100          0.1066
          9.2200         -0.0635
          9.2300         -0.0511
          9.2400          0.0461
          9.2500         -0.0023
          9.2600          0.0328
          9.2700          0.0263
          9.2800         -0.1502
          9.2900         -0.1243
          9.3000          0.1397
          9.3100          0.0404
          9.3200          0.1282
          9.3300         -0.1281
          9.3400         -0.0823
          9.3500         -0.1396
          9.3600         -0.0290
          9.3700          0.1715
          9.3800         -0.0135
          9.3900         -0.1003
          9.4000          0.0518
          9.4100         -0.0101
          9.4200         -0.1106
          9.4300          0.0674
          9.4400         -0.0001
          9.4500          0.1407
          9.4600          0.1424
          9.4700         -0.0487
          9.4800         -0.1151
          9.4900          0.0815
          9.5000          0.1249
          9.5100         -0.0097
          9.5200         -0.0489
          9.5300          0.0636
          9.5400         -0.0148
          9.5500         -0.1135
          9.5600         -0.0034
          9.5700          0.0361
          9.5800         -0.1352
          9.5900          0.0634
          9.6000          0.1251
          9.6100          0.0102
          9.6200         -0.0854
          9.6300         -0.1322
          9.6400          0.1117
          9.6500         -0.0199
          9.6600          0.1466
          9.6700          0.2118
          9.6800         -0.0541
          9.6900          0.0664
          9.7000          0.0934
          9.7100          0.1181
          9.7200          0.0699
          9.7300          0.2303
          9.7400          0.1194
          9.7500         -0.0846
          9.7600         -0.1061
          9.7700          0.0833
          9.7800          0.0844
          9.7900          0.1287
          9.8000          0.1517
          9.8100          0.0060
          9.8200          0.0664
          9.8300         -0.0005
          9.8400         -0.0750
          9.8500         -0.0537
          9.8600         -0.0724
          9.8700         -0.2066
          9.8800         -0.0444
          9.8900          0.1514
          9.9000          0.0177
          9.9100          0.0244
          9.9200         -0.0113
          9.9300         -0.0251
          9.9400          0.1540
          9.9500          0.0468
          9.9600          0.1168
          9.9700          0.1282
          9.9800         -0.0583
          9.9900          0.1062
         10.0000         -0.0395
         10.0100          0.0211
         10.0200          0.0168
         10.0300          0.1053
         10.0400          0.1017
         10.0500         -0.0809
         10.0600         -0.0501
         10.0700          0.0503
         10.0800          0.0339
         10.0900         -0.0452
         10.1000         -0.1775
         10.1100         -0.0651
         10.1200          0.0580
         10.1300         -0.0289
         10.1400          0.0554
         10.1500          0.0322
         10.1600          0.0466
         10.1700          0.0635
         10.1800         -0.1618
         10.1900         -0.1353
         10.2000          0.2351
         10.2100         -0.0473
         10.2200          0.0064
         10.2300         -0.0923
         10.2400         -0.0093
         10.2500         -0.1256
         10.2600          0.1403
         10.2700          0.0808
         10.2800         -0.0470
         10.2900          0.1506
         10.3000          0.0160
         10.3100         -0.0097
         10.3200         -0.0702
         10.3300          0.1171
         10.3400         -0.0072
         10.3500         -0.1409
         10.3600         -0.0267
         10.3700          0.1035
         10.3800          0.0029
         10.3900          0.0684
         10.4000         -0.1155
         10.4100          0.0933
         10.4200         -0.0377
         10.4300          0.0261
         10.4400         -0.1012
         10.4500          0.0916
         10.4600          0.1191
         10.4700          0.0911
         10.4800          0.0991
         10.4900          0.0228
         10.5000          0.0340
         10.5100          0.0157
         10.5200         -0.0619
         10.5300          0.1370
         10.5400         -0.2078
         10.5500          0.1001
         10.5600          0.0124
         10.5700          0.0453
         10.5800          0.0560
         10.5900          0.1004
         10.6000          0.0688
         10.6100         -0.1782
         10.6200          0.0075
         10.6300          0.0656
         10.6400          0.0057
         10.6500         -0.0101
         10.6600          0.1149
         10.6700          0.0622
         10.6800          0.1255
         10.6900         -0.0193
         10.7000          0.0535
         10.7100         -0.1188
         10.7200          0.2245
         10.7300          0.1426
         10.7400         -0.0020
         10.7500          0.0339
         10.7600         -0.0928
         10.7700         -0.1051
         10.7800          0.0845
         10.7900          0.1013
         10.8000          0.2150
         10.8100          0.0963
         10.8200          0.0231
         10.8300         -0.0696
         10.8400         -0.1882
         10.8500          0.1007
         10.8600          0.0220
         10.8700         -0.1653
         10.8800          0.0877
         10.8900          0.0639
         10.9000          0.1968
         10.9100         -0.0626
         10.9200         -0.0411
         10.9300         -0.0461
         10.9400          0.0859
         10.9500         -0.0502
         10.9600          0.0005
         10.9700         -0.0242
         10.9800          0.0537
         10.9900          0.1516
         11.0000          0.1471
         11.0100         -0.0993
         11.0200          0.0948
         11.0300          0.0728
         11.0400          0.0864
         11.0500          0.1126
         11.0600          0.1141
         11.0700         -0.0799
         11.0800          0.1234
         11.0900          0.0130
         11.1000         -0.0402
         11.1100         -0.1190
         11.1200         -0.1359
         11.1300          0.1077
         11.1400          0.0067
         11.1500          0.0564
         11.1600          0.1719
         11.1700         -0.0199
         11.1800         -0.0169
         11.1900         -0.0116
         11.2000         -0.1356
         11.2100         -0.1057
         11.2200         -0.0882
         11.2300          0.1332
         11.2400          0.1514
         11.2500          0.0279
         11.2600         -0.0201
         11.2700         -0.0581
         11.2800          0.1092
         11.2900          0.1501
         11.3000          0.0756
         11.3100         -0.0733
         11.3200         -0.1502
         11.3300         -0.0662
         11.3400         -0.0720
         11.3500          0.0836
         11.3600         -0.0292
         11.3700         -0.0051
         11.3800         -0.0713
         11.3900         -0.0332
         11.4000         -0.0068
         11.4100         -0.1703
         11.4200         -0.1250
         11.4300         -0.2199
         11.4400         -0.0065
         11.4500         -0.0354
         11.4600         -0.0297
         11.4700          0.0293
         11.4800         -0.1758
         11.4900         -0.0554
         11.5000          0.1009
         11.5100         -0.0154
         11.5200          0.1115
         11.5300         -0.0549
         11.5400         -0.0926
         11.5500          0.1508
         11.5600          0.1140
         11.5700          0.0803
         11.5800          0.2043
         11.5900          0.0581
         11.6000         -0.0485
         11.6100          0.0647
         11.6200          0.1174
         11.6300         -0.1777
         11.6400          0.1425
         11.6500          0.0397
         11.6600         -0.0213
         11.6700          0.1240
         11.6800          0.0137
         11.6900          0.0697
         11.7000         -0.1101
         11.7100          0.0405
         11.7200         -0.0148
         11.7300         -0.1015
         11.7400          0.1060
         11.7500         -0.0010
         11.7600          0.0859
         11.7700          0.2715
         11.7800          0.0913
         11.7900         -0.0154
         11.8000          0.0937
         11.8100         -0.0618
         11.8200         -0.0697
         11.8300          0.1114
         11.8400         -0.0510
         11.8500          0.0786
         11.8600         -0.0799
         11.8700          0.0781
         11.8800         -0.0976
         11.8900          0.0723
         11.9000         -0.0675
         11.9100          0.0329
         11.9200          0.0470
         11.9300          0.0350
         11.9400          0.1525
         11.9500          0.0170
         11.9600         -0.0151
         11.9700          0.1303
         11.9800         -0.1234
         11.9900         -0.2016
         12.0000         -0.0131
         12.0100          0.1029
         12.0200          0.0021
         12.0300          0.0440
         12.0400         -0.0591
         12.0500          0.0072
         12.0600         -0.0006
         12.0700          0.0922
         12.0800          0.0136
         12.0900         -0.0489
         12.1000         -0.2513
         12.1100          0.0400
         12.1200         -0.0183
         12.1300         -0.0589
         12.1400          0.0270
         12.1500         -0.1150
         12.1600          0.0213
         12.1700          0.0460
         12.1800         -0.0682
         12.1900          0.0445
         12.2000          0.0137
         12.2100         -0.0021
         12.2200         -0.0838
         12.2300          0.1194
         12.2400          0.1362
         12.2500          0.0056
         12.2600          0.0043
         12.2700          0.0802
         12.2800         -0.1088
         12.2900          0.0510
         12.3000         -0.0697
         12.3100          0.0477
         12.3200         -0.0271
         12.3300          0.0101
         12.3400         -0.0666
         12.3500         -0.0367
         12.3600         -0.1270
         12.3700          0.0213
         12.3800         -0.0239
         12.3900          0.1047
         12.4000         -0.0879
         12.4100          0.0196
         12.4200          0.1643
         12.4300          0.0157
         12.4400         -0.0523
         12.4500         -0.0464
         12.4600         -0.1188
         12.4700         -0.2459
         12.4800         -0.0409
         12.4900         -0.1185
         12.5000         -0.0242
         12.5100         -0.1129
         12.5200         -0.1180
         12.5300         -0.0670
         12.5400         -0.0346
         12.5500          0.2363
         12.5600         -0.1256
         12.5700         -0.0294
         12.5800          0.0429
         12.5900         -0.0808
         12.6000          0.0907
         12.6100         -0.0004
         12.6200         -0.0066
         12.6300          0.0662
         12.6400         -0.0375
         12.6500          0.1517
         12.6600         -0.0474
         12.6700          0.1419
         12.6800          0.0051
         12.6900          0.0716
         12.7000          0.1160
         12.7100          0.0801
         12.7200          0.0760
         12.7300         -0.0284
         12.7400         -0.0518
         12.7500          0.1127
         12.7600          0.1567
         12.7700         -0.0731
         12.7800         -0.0684
         12.7900         -0.0655
         12.8000         -0.0582
         12.8100         -0.0004
         12.8200          0.0662
         12.8300          0.1389
         12.8400          0.0670
         12.8500         -0.0600
         12.8600          0.1134
         12.8700          0.0935
         12.8800          0.1709
         12.8900          0.0759
         12.9000          0.1535
         12.9100          0.1516
         12.9200          0.0840
         12.9300         -0.0773
         12.9400         -0.0920
         12.9500         -0.0988
         12.9600          0.1255
         12.9700         -0.0218
         12.9800         -0.0880
         12.9900         -0.0722
         13.0000         -0.0388
         13.0100         -0.0693
         13.0200         -0.0515
         13.0300          0.0504
         13.0400          0.0281
         13.0500         -0.0007
         13.0600         -0.1289
         13.0700          0.0311
         13.0800          0.0203
         13.0900         -0.2069
         13.1000         -0.1307
         13.1100         -0.0110
         13.1200          0.0573
         13.1300          0.1556
         13.1400         -0.0457
         13.1500         -0.0283
         13.1600          0.0543
         13.1700          0.0158
         13.1800         -0.1076
         13.1900          0.0380
         13.2000         -0.1058
         13.2100          0.0072
         13.2200         -0.0812
         13.2300         -0.0574
         13.2400         -0.0161
         13.2500         -0.0739
         13.2600         -0.0444
         13.2700         -0.1137
         13.2800         -0.1555
         13.2900         -0.1611
         13.3000          0.0399
         13.3100         -0.0202
         13.3200          0.0195
         13.3300          0.0186
         13.3400          0.1766
         13.3500          0.0056
         13.3600          0.0660
         13.3700         -0.1116
         13.3800          0.1086
         13.3900         -0.0519
         13.4000          0.1135
         13.4100          0.0939
         13.4200          0.1103
         13.4300         -0.0814
         13.4400          0.1701
         13.4500         -0.0091
         13.4600          0.0267
         13.4700         -0.1701
         13.4800          0.1587
         13.4900          0.0926
         13.5000          0.1303
         13.5100         -0.1389
         13.5200          0.0093
         13.5300          0.0658
         13.5400          0.2076
         13.5500          0.2039
         13.5600         -0.0506
         13.5700          0.0505
         13.5800         -0.0625
         13.5900         -0.0727
         13.6000          0.1175
         13.6100          0.0042
         13.6200          0.0747
         13.6300          0.0886
         13.6400          0.0853
         13.6500          0.0462
         13.6600         -0.0081
         13.6700         -0.2079
         13.6800          0.0060
         13.6900         -0.0989
         13.7000          0.1490
         13.7100         -0.0761
         13.7200          0.1405
         13.7300          0.0180
         13.7400          0.0809
         13.7500         -0.1093
         13.7600         -0.0700
         13.7700          0.0692
         13.7800          0.1086
         13.7900         -0.0432
         13.8000          0.1104
         13.8100         -0.0238
         13.8200         -0.0497
         13.8300          0.0530
         13.8400          0.0212
         13.8500          0.0563
         13.8600          0.0226
         13.8700         -0.0821
         13.8800         -0.1329
         13.8900          0.1526
         13.9000          0.1688
         13.9100         -0.0198
         13.9200          0.0756
         13.9300          0.0511
         13.9400          0.0760
         13.9500          0.1945
         13.9600         -0.0362
         13.9700          0.0868
         13.9800         -0.0282
         13.9900          0.0733
         14.0000          0.0884
         14.0100         -0.0120
         14.0200         -0.0402
         14.0300         -0.0890
         14.0400         -0.1440
         14.0500          0.0159
         14.0600          0.1982
         14.0700          0.1128
         14.0800         -0.1550
         14.0900          0.0982
         14.1000         -0.1118
         14.1100         -0.0863
         14.1200          0.0833
         14.1300          0.0029
         14.1400          0.0682
         14.1500          0.1828
         14.1600         -0.1145
         14.1700          0.0926
         14.1800          0.1339
         14.1900          0.0779
         14.2000          0.1729
         14.2100          0.1469
         14.2200          0.0108
         14.2300          0.1405
         14.2400          0.0570
         14.2500         -0.0728
         14.2600         -0.0208
         14.2700          0.0267
         14.2800         -0.0011
         14.2900         -0.0976
         14.3000          0.0830
         14.3100         -0.0376
         14.3200         -0.0177
         14.3300          0.0445
         14.3400         -0.0336
         14.3500          0.0073
         14.3600         -0.0267
         14.3700          0.0678
         14.3800         -0.0491
         14.3900         -0.0492
         14.4000          0.0119
         14.4100          0.0439
         14.4200         -0.1053
         14.4300         -0.2505
         14.4400          0.2144
         14.4500         -0.0227
         14.4600          0.0480
         14.4700         -0.1087
         14.4800          0.0387
         14.4900         -0.0062
         14.5000         -0.0548
         14.5100          0.1009
         14.5200          0.1692
         14.5300          0.0745
         14.5400         -0.1253
         14.5500          0.0277
         14.5600          0.1038
         14.5700          0.0086
         14.5800         -0.0955
         14.5900         -0.0239
         14.6000          0.0694
         14.6100          0.0842
         14.6200         -0.0248
         14.6300          0.0626
         14.6400          0.0734
         14.6500         -0.2488
         14.6600         -0.0306
         14.6700          0.0056
         14.6800          0.0886
         14.6900          0.0437
         14.7000         -0.0699
         14.7100          0.1175
         14.7200         -0.0036
         14.7300          0.0582
         14.7400          0.0431
         14.7500         -0.0608
         14.7600         -0.0895
         14.7700          0.2515
         14.7800         -0.0388
         14.7900          0.0156
         14.8000          0.1428
         14.8100          0.1222
         14.8200          0.0390
         14.8300         -0.1289
         14.8400          0.1667
         14.8500          0.1702
         14.8600         -0.0642
         14.8700         -0.0218
         14.8800         -0.0112
         14.8900          0.1660
         14.9000          0.1115
         14.9100          0.0309
         14.9200          0.1357
         14.9300          0.1624
         14.9400          0.0865
         14.9500          0.0218
         14.9600         -0.0825
         14.9700          0.0125
         14.9800          0.0491
         14.9900         -0.0465
         15.0000          0.0849
         15.0100         -0.0957
         15.0200          0.1835
         15.0300         -0.2845
         15.0400         -0.1172
         15.0500         -0.0254
         15.0600          0.1691
         15.0700         -0.1545
         15.0800          0.0761
         15.0900         -0.1118
         15.1000          0.1970
         15.1100         -0.0243
         15.1200         -0.1338
         15.1300          0.1055
         15.1400          0.1485
         15.1500         -0.0542
         15.1600          0.1508
         15.1700         -0.0112
         15.1800          0.0135
         15.1900         -0.1061
         15.2000         -0.0603
         15.2100          0.0370
         15.2200         -0.0633
         15.2300         -0.0454
         15.2400         -0.0096
         15.2500          0.0176
         15.2600          0.0638
         15.2700          0.1131
         15.2800          0.1522
         15.2900          0.1428
         15.3000          0.1773
         15.3100         -0.0688
         15.3200         -0.0548
         15.3300          0.0044
         15.3400          0.0367
         15.3500          0.0071
         15.3600          0.1894
         15.3700          0.0182
         15.3800          0.0346
         15.3900         -0.1149
         15.4000         -0.1197
         15.4100          0.0258
         15.4200          0.1173
         15.4300          0.0479
         15.4400         -0.0943
         15.4500         -0.1250
         15.4600         -0.0379
         15.4700         -0.0150
         15.4800          0.0325
         15.4900         -0.0542
         15.5000          0.0141
         15.5100          0.0863
         15.5200         -0.0071
         15.5300          0.0772
         15.5400          0.0233
         15.5500         -0.0437
         15.5600          0.0057
         15.5700          0.0042
         15.5800          0.0646
         15.5900         -0.1426
         15.6000         -0.0618
         15.6100          0.2131
         15.6200          0.0066
         15.6300         -0.0390
         15.6400          0.0590
         15.6500          0.0419
         15.6600         -0.0104
         15.6700         -0.0654
         15.6800          0.0787
         15.6900          0.1514
         15.7000         -0.0597
         15.7100          0.0066
         15.7200          0.0424
         15.7300          0.0786
         15.7400         -0.0436
         15.7500         -0.0417
         15.7600          0.0056
         15.7700         -0.0232
         15.7800          0.2280
         15.7900          0.0015
         15.8000         -0.0384
         15.8100         -0.0066
         15.8200          0.0783
         15.8300         -0.0797
         15.8400          0.0566
         15.8500         -0.0270
         15.8600          0.0678
         15.8700          0.1218
         15.8800          0.0327
         15.8900         -0.0978
         15.9000         -0.0591
         15.9100          0.0423
         15.9200         -0.1311
         15.9300         -0.1397
         15.9400          0.0165
         15.9500          0.1715
         15.9600          0.0479
         15.9700         -0.0222
         15.9800          0.1116
         15.9900          0.0367
         16.0000         -0.0234
         16.0100         -0.0521
         16.0200         -0.0443
         16.0300          0.0017
         16.0400         -0.0403
         16.0500          0.0868
         16.0600         -0.0070
         16.0700         -0.0113
         16.0800          0.0427
         16.0900         -0.0688
         16.1000          0.1008
         16.1100         -0.0101
         16.1200          0.1925
         16.1300          0.1539
         16.1400         -0.0368
         16.1500         -0.0063
         16.1600         -0.0475
         16.1700          0.0699
         16.1800         -0.0806
         16.1900          0.0895
         16.2000         -0.0597
         16.2100          0.1087
         16.2200         -0.1595
         16.2300         -0.1676
         16.2400         -0.0964
         16.2500          0.0393
         16.2600          0.1478
         16.2700         -0.1022
         16.2800          0.0197
         16.2900          0.2128
         16.3000          0.0340
         16.3100          0.0457
         16.3200         -0.0392
         16.3300          0.1117
         16.3400          0.0119
         16.3500         -0.0778
         16.3600          0.0391
         16.3700         -0.0355
         16.3800          0.0862
         16.3900          0.0410
         16.4000         -0.0184
         16.4100          0.0213
         16.4200         -0.1472
         16.4300          0.0825
         16.4400         -0.1362
         16.4500         -0.0593
         16.4600         -0.1149
         16.4700         -0.0367
         16.4800          0.0427
         16.4900         -0.0523
         16.5000          0.0150
         16.5100         -0.0172
         16.5200         -0.0345
         16.5300         -0.0539
         16.5400         -0.0072
         16.5500          0.1744
         16.5600          0.0850
         16.5700          0.0869
         16.5800          0.1323
         16.5900          0.0479
         16.6000         -0.0143
         16.6100         -0.0709
         16.6200         -0.0661
         16.6300          0.0531
         16.6400         -0.0617
         16.6500         -0.0809
         16.6600         -0.0231
         16.6700         -0.0067
         16.6800          0.0008
         16.6900          0.1108
         16.7000          0.0625
         16.7100         -0.0862
         16.7200         -0.0780
         16.7300          0.1865
         16.7400         -0.1318
         16.7500          0.0739
         16.7600         -0.1060
         16.7700         -0.0936
         16.7800          0.1303
         16.7900          0.0230
         16.8000          0.0285
         16.8100          0.1986
         16.8200          0.0198
         16.8300         -0.0999
         16.8400         -0.0706
         16.8500         -0.0239
         16.8600          0.0417
         16.8700          0.1389
         16.8800          0.1138
         16.8900         -0.0792
         16.9000         -0.0402
         16.9100          0.0962
         16.9200          0.0616
         16.9300         -0.0388
         16.9400         -0.1133
         16.9500         -0.0106
         16.9600         -0.0958
         16.9700         -0.0482
         16.9800         -0.0149
         16.9900          0.0483
         17.0000         -0.1064
         17.0100         -0.0069
         17.0200          0.1383
         17.0300         -0.0142
         17.0400         -0.1152
         17.0500          0.0205
         17.0600          0.0501
         17.0700          0.0587
         17.0800         -0.0775
         17.0900         -0.2081
         17.1000         -0.0818
         17.1100          0.0992
         17.1200          0.0373
         17.1300         -0.0463
         17.1400          0.0706
         17.1500         -0.1857
         17.1600         -0.0233
         17.1700         -0.0453
         17.1800         -0.1027
         17.1900         -0.0661
         17.2000         -0.1619
         17.2100         -0.0137
         17.2200          0.1452
         17.2300          0.1103
         17.2400          0.0363
         17.2500          0.0257
         17.2600         -0.0900
         17.2700         -0.0986
         17.2800         -0.0446
         17.2900          0.0815
         17.3000         -0.1252
         17.3100         -0.0906
         17.3200         -0.1391
         17.3300          0.0788
         17.3400         -0.1142
         17.3500         -0.1350
         17.3600          0.0376
         17.3700         -0.1009
         17.3800          0.0631
         17.3900          0.0811
         17.4000          0.0185
         17.4100         -0.0261
         17.4200          0.1178
         17.4300          0.0825
         17.4400         -0.0536
         17.4500          0.1247
         17.4600         -0.0284
         17.4700          0.1632
         17.4800         -0.0554
         17.4900         -0.1071
         17.5000          0.0779
         17.5100         -0.0597
         17.5200         -0.2279
         17.5300         -0.0236
         17.5400         -0.0249
         17.5500         -0.1748
         17.5600         -0.0003
         17.5700          0.0171
         17.5800         -0.0434
         17.5900         -0.0222
         17.6000         -0.0337
         17.6100          0.1060
         17.6200         -0.0487
         17.6300          0.0295
         17.6400          0.1181
         17.6500          0.1427
         17.6600          0.0559
         17.6700          0.0695
         17.6800         -0.2018
         17.6900          0.0523
         17.7000         -0.0895
         17.7100         -0.1820
         17.7200          0.0192
         17.7300         -0.1184
         17.7400         -0.0259
         17.7500          0.0362
         17.7600          0.0409
         17.7700         -0.0288
         17.7800         -0.0871
         17.7900         -0.1208
         17.8000          0.2311
         17.8100         -0.1237
         17.8200          0.0875
         17.8300          0.0560
         17.8400          0.0938
         17.8500          0.0201
         17.8600         -0.1353
         17.8700         -0.0175
         17.8800          0.0828
         17.8900         -0.2139
         17.9000         -0.1608
         17.9100          0.0309
         17.9200          0.1444
         17.9300          0.0453
         17.9400          0.0106
         17.9500          0.1369
         17.9600          0.1450
         17.9700          0.0415
         17.9800         -0.1712
         17.9900         -0.0364
         18.0000         -0.0123
         18.0100          0.0031
         18.0200         -0.0160
         18.0300         -0.0572
         18.0400          0.0598
         18.0500          0.0715
         18.0600          0.1274
         18.0700          0.0335
         18.0800         -0.0798
         18.0900          0.0552
         18.1000         -0.0060
         18.1100         -0.0625
         18.1200         -0.0800
         18.1300          0.1960
         18.1400          0.2446
         18.1500         -0.0136
         18.1600          0.2362
         18.1700         -0.2507
         18.1800         -0.0213
         18.1900         -0.1212
         18.2000          0.2578
         18.2100          0.1258
         18.2200         -0.1277
         18.2300          0.0341
         18.2400          0.1476
         18.2500         -0.2375
         18.2600         -0.0783
         18.2700          0.0523
         18.2800          0.2445
         18.2900          0.1301
         18.3000          0.1030
         18.3100         -0.1360
         18.3200          0.0347
         18.3300         -0.0259
         18.3400          0.1593
         18.3500         -0.2468
         18.3600          0.0051
         18.3700          0.1181
         18.3800         -0.1583
         18.3900          0.0919
         18.4000         -0.1736
         18.4100         -0.0729
         18.4200         -0.0178
         18.4300         -0.0104
         18.4400         -0.0434
         18.4500          0.0600
         18.4600          0.1286
         18.4700          0.0074
         18.4800         -0.0527
         18.4900          0.1860
         18.5000          0.2716
         18.5100          0.0646
         18.5200         -0.0206
         18.5300         -0.0367
         18.5400          0.0692
         18.5500         -0.0445
         18.5600         -0.1881
         18.5700          0.0493
         18.5800          0.2066
         18.5900         -0.1484
         18.6000          0.0150
         18.6100          0.0255
         18.6200         -0.0629
         18.6300          0.0539
         18.6400         -0.0829
         18.6500          0.1172
         18.6600          0.0854
         18.6700          0.1449
         18.6800          0.2026
         18.6900          0.0298
         18.7000         -0.1015
         18.7100          0.0092
         18.7200         -0.0062
         18.7300          0.0533
         18.7400         -0.0224
         18.7500          0.0797
         18.7600          0.0561
         18.7700          0.2129
         18.7800          0.1189
         18.7900          0.0436
         18.8000          0.0661
         18.8100          0.0309
         18.8200         -0.0737
         18.8300         -0.1906
         18.8400         -0.0239
         18.8500          0.0628
         18.8600         -0.1678
         18.8700         -0.0259
         18.8800          0.0192
         18.8900         -0.2354
         18.9000         -0.0435
         18.9100          0.1108
         18.9200          0.0687
         18.9300         -0.1405
         18.9400         -0.0274
         18.9500          0.0748
         18.9600         -0.0825
         18.9700         -0.0571
         18.9800          0.1686
         18.9900          0.0328
         19.0000          0.1932
         19.0100         -0.0284
         19.0200         -0.1351
         19.0300         -0.0920
         19.0400         -0.1034
         19.0500          0.0728
         19.0600          0.0502
         19.0700         -0.0972
         19.0800          0.2097
         19.0900         -0.1081
         19.1000         -0.0063
         19.1100          0.0591
         19.1200         -0.0639
         19.1300         -0.0635
         19.1400         -0.2463
         19.1500         -0.0985
         19.1600         -0.0202
         19.1700         -0.0876
         19.1800          0.0099
         19.1900         -0.0369
         19.2000         -0.0055
         19.2100         -0.0351
         19.2200          0.0867
         19.2300          0.0240
         19.2400          0.0756
         19.2500         -0.0834
         19.2600          0.0303
         19.2700          0.1132
         19.2800         -0.0423
         19.2900         -0.0417
         19.3000          0.1410
         19.3100         -0.0177
         19.3200          0.0056
         19.3300         -0.1842
         19.3400          0.0167
         19.3500          0.0604
         19.3600          0.0444
         19.3700         -0.0451
         19.3800         -0.0694
         19.3900         -0.0292
         19.4000          0.1573
         19.4100          0.1824
         19.4200         -0.0936
         19.4300          0.0701
         19.4400          0.0503
         19.4500          0.0256
         19.4600         -0.0989
         19.4700         -0.0823
         19.4800          0.0586
         19.4900         -0.1137
         19.5000         -0.1108
         19.5100          0.1228
         19.5200         -0.0106
         19.5300          0.0127
         19.5400         -0.0317
         19.5500         -0.0026
         19.5600          0.0994
         19.5700          0.0054
         19.5800          0.0808
         19.5900         -0.0237
         19.6000          0.0559
         19.6100          0.0701
         19.6200         -0.1533
         19.6300          0.0619
         19.6400         -0.0873
         19.6500          0.0619
         19.6600         -0.1177
         19.6700         -0.1506
         19.6800          0.0277
         19.6900          0.0168
         19.7000          0.0133
         19.7100          0.1244
         19.7200         -0.1195
         19.7300          0.1257
         19.7400          0.0127
         19.7500          0.0128
         19.7600         -0.0311
         19.7700         -0.0622
         19.7800         -0.1003
         19.7900          0.2656
         19.8000          0.3077
         19.8100          0.1093
         19.8200         -0.0249
         19.8300         -0.0450
         19.8400          0.0402
         19.8500         -0.0515
         19.8600          0.0360
         19.8700          0.2242
         19.8800         -0.1961
         19.8900         -0.0771
         19.9000         -0.2150
         19.9100          0.0985
         19.9200          0.1852
         19.9300         -0.0087
         19.9400          0.0463
         19.9500         -0.1693
         19.9600          0.0074
         19.9700          0.0742
         19.9800         -0.1993
         19.9900         -0.1239
         20.0000         -0.0562